1 1 21.5 23 1190 public
1 2 24.5 20 1190 public
1 3 19.5 19 1190 public
1 4 22.5 15 1190 public
1 5 24.5 12 1190 public
1 6 19.5 12 1190 public
1 7 22.5 8 1190 public
1 8 24.5 4 1190 public
1 9 21.5 2 1190 public
1 10 19.5 5 1190 public
1 11 16.5 3 1190 public
1 12 13.5 1 1190 public
1 13 12.5 5 1190 public
1 14 8.5 6 1190 public
1 15 5.5 3 1190 public
1 16 1.5 2 1190 public
1 17 1.5 8 1190 public
1 18 5.5 10 1190 public
1 19 3.5 13 1190 public
1 20 0.5 17 1190 public
1 21 4.5 18 1190 public
1 22 1.5 23 1190 public
1 23 6 24 1190 public
1 24 1.5 30 1190 public
1 25 4.5 30 1190 public
1 26 7.5 31 1190 public
1 27 8.5 26 1190 public
1 28 10.5 31 1190 public
1 29 12.5 26 1190 public
1 30 13.5 31 1190 public
1 31 15.5 28 1190 public
1 32 17.5 31 1190 public
1 33 19.5 26 1190 public
1 34 21.5 30 1190 public
1 35 24.5 27 1190 public
1 36 26.5 31 1190 public
1 37 27.5 26 1190 public
1 38 30.5 31 1190 public
1 39 30.5 26 1190 public
1 40 33.5 28 1190 public
1 41 36.5 30 1190 public
1 42 39.5 30 1190 public
1 43 35.5 24 1190 public
1 44 40.5 22 1190 public
1 45 37.5 19 1190 public
1 46 34.5 16 1190 public
1 47 39.5 14 1190 public
1 48 35.5 10 1190 public
1 49 39.5 6 1190 public
1 50 38.5 1 1190 public
1 51 35.5 4 1190 public
1 52 31.5 6 1190 public
1 53 28.5 5 1190 public
1 54 26.5 2 1190 public
